1    203125.0 us
 1 (): 0 0 9 0 5 0 6 0 0
 2 (): 4 0 0 0 0 0 0 0 0
 3 (): 0 0 0 0 8 6 3 7 0
 4 (): 0 9 0 0 4 0 8 0 2
 5 (): 0 3 0 0 0 0 0 1 0
 6 (): 5 0 4 0 1 0 0 3 0
 7 (): 0 4 6 3 9 0 0 0 0
 8 (): 0 0 0 0 0 0 0 0 5
 9 (): 0 0 2 0 6 0 4 0 0
2   15625.0 us
 1 (): 0 2 0 0 9 4 0 0 0
 2 (): 0 0 6 1 0 0 0 0 8
 3 (): 0 0 3 0 0 5 1 6 0
 4 (): 4 0 2 0 0 0 0 5 0
 5 (): 5 0 0 0 0 0 0 0 1
 6 (): 0 3 0 0 0 0 7 0 4
 7 (): 0 7 1 8 0 0 9 0 0
 8 (): 8 0 0 0 0 2 6 0 0
 9 (): 0 0 0 7 1 0 0 4 0
3    31250.0 us
 1 (): 0 0 0 0 0 5 0 9 7
 2 (): 0 6 7 1 0 0 0 0 8
 3 (): 4 0 0 0 7 8 0 0 0
 4 (): 0 8 0 6 0 0 0 0 3
 5 (): 7 3 0 0 0 1 0 4 0
 6 (): 6 4 0 7 0 0 8 0 1
 7 (): 1 0 0 5 0 7 3 8 0
 8 (): 0 0 4 0 0 0 0 0 0
 9 (): 5 0 0 0 0 0 0 7 2 
 4   390625.0 us
 1 (): 0 0 5 0 3 8 4 0 0
 2 (): 0 0 0 0 5 9 0 0 0
 3 (): 3 0 0 0 0 0 5 0 1
 4 (): 0 0 0 0 0 0 0 8 4
 5 (): 0 2 0 5 0 7 0 6 0
 6 (): 6 9 0 0 4 0 0 0 0
 7 (): 1 0 2 0 0 0 0 0 9
 8 (): 0 0 0 8 1 0 0 0 0
 9 (): 0 0 7 9 0 0 2 0 0 
 5    93750.0 us
 1 (): 6 7 0 0 0 0 0 0 0
 2 (): 4 3 0 7 0 0 0 0 0
 3 (): 0 5 0 6 0 3 2 0 7
 4 (): 0 1 0 0 0 2 0 0 0
 5 (): 9 0 0 8 3 1 0 2 5
 6 (): 0 0 0 4 0 0 0 1 0
 7 (): 3 0 7 9 0 8 0 4 0
 8 (): 0 0 0 0 0 4 0 8 6
 9 (): 0 0 0 0 0 0 0 0 2