1  718750.0 us
 1 (): 0 0 0 7 0 0 0 0 8
 2 (): 0 4 0 0 0 0 0 6 1
 3 (): 0 0 0 1 2 0 0 3 0
 4 (): 7 9 0 0 6 0 0 0 0
 5 (): 8 0 0 0 0 0 0 0 3
 6 (): 0 3 0 0 8 0 0 7 2
 7 (): 0 6 0 0 9 7 0 0 0
 8 (): 3 2 0 0 0 0 0 5 0
 9 (): 5 0 0 0 0 4 0 0 0
2  234375.0 us
 1 (): 0 9 0 2 0 0 0 8 0
 2 (): 0 6 0 0 3 0 9 0 0
 3 (): 0 0 0 9 0 7 1 0 0
 4 (): 0 0 5 0 9 0 0 3 0
 5 (): 0 0 7 6 0 3 8 0 9
 6 (): 0 3 9 0 1 0 4 0 0
 7 (): 0 7 3 5 0 9 6 0 0
 8 (): 0 0 8 0 7 0 0 0 0
 9 (): 0 2 6 0 0 4 0 9 0
3   203125.0 us
 1 (): 0 0 0 3 0 0 5 9 0
 2 (): 4 0 0 0 0 0 0 2 8
 3 (): 5 0 0 0 4 0 0 0 0
 4 (): 0 0 2 8 3 0 4 0 0
 5 (): 0 0 4 0 7 0 8 0 0
 6 (): 0 0 1 0 9 0 2 0 0
 7 (): 0 0 0 0 1 0 0 0 7
 8 (): 6 9 0 0 0 0 0 0 3
 9 (): 0 3 7 0 0 5 0 0 0
4   31250.0 us
 1 (): 0 0 0 9 0 7 6 0 0
 2 (): 6 0 0 0 8 2 5 1 0
 3 (): 0 0 2 0 0 0 0 0 0
 4 (): 7 4 6 0 0 1 0 9 0
 5 (): 0 2 0 0 0 0 0 6 0
 6 (): 0 5 0 8 0 0 3 2 7
 7 (): 0 0 0 0 0 0 9 0 0
 8 (): 0 9 8 2 4 0 0 0 6
 9 (): 0 0 7 6 0 9 0 0 0
5   140625.0 us
 1 (): 0 0 0 0 0 0 0 4 6
 2 (): 0 0 0 0 0 8 0 0 1
 3 (): 0 0 6 5 0 1 9 8 0
 4 (): 0 0 0 9 0 0 0 7 5
 5 (): 0 0 0 0 2 0 0 0 0
 6 (): 6 9 0 0 0 7 0 0 4
 7 (): 0 5 9 3 0 0 2 0 0
 8 (): 7 0 0 2 0 0 0 0 0
 9 (): 4 2 0 0 0 0 0 0 0 

